61,101,ya3Kw11dq2fmcYmo4973s+54Ev8=,FxLzaM+LyFvoIX8U7FBIkNXye4c=
61,102,ya3Kw11dq2fmcYmo4973s+54Ev8=,FxLzaM+LyFvoIX8U7FBIkNXye4c=
